# x1, x2, y
-2.071649290613802652e+00 -6.595161703859429014e-01 1.000000000000000000e+00
-6.800891739786794510e+00 -1.343969348836203004e+00 0.000000000000000000e+00
-8.843728671093815663e-01 1.684343094595111889e+00 1.000000000000000000e+00
-1.453619920184353820e+00 -1.503166839561074219e-01 1.000000000000000000e+00
-8.917700180215835104e+00 1.914083086443378878e+00 0.000000000000000000e+00
1.640246364506916521e+00 1.168053251697319883e+00 0.000000000000000000e+00
-3.775698603286153698e+00 -9.669873042308818611e-02 1.000000000000000000e+00
1.783295842886627680e+00 6.040597315493321240e-01 0.000000000000000000e+00
-1.073153392626335911e+00 -4.416215513706895912e+00 1.000000000000000000e+00
-1.026642262367026071e+01 2.416390936983310311e+00 0.000000000000000000e+00
-4.480555702885805403e+00 1.205359031286246996e+00 1.000000000000000000e+00
1.825811595597036430e+00 1.990747761181619779e+00 0.000000000000000000e+00
-7.078048430450674999e+00 2.144593332992299928e+00 0.000000000000000000e+00
-3.044997486736373826e+00 6.836986706425403071e-01 1.000000000000000000e+00
-6.943918338293506576e-01 -2.268263181777120607e+00 1.000000000000000000e+00
2.842004528066219393e+00 5.109666736786491192e-01 0.000000000000000000e+00
2.446275010271099504e-01 -2.927539702837433921e-01 0.000000000000000000e+00
2.155487951271893632e+00 2.623857033937997407e+00 0.000000000000000000e+00
8.313606952394072991e+00 -2.574287275507098904e+00 1.000000000000000000e+00
-4.684568922461647134e+00 -9.931057523965542977e-01 1.000000000000000000e+00
7.100267827040764423e+00 -1.238867919266867235e+00 1.000000000000000000e+00
-1.119849437946124571e+00 1.824160866042832119e+00 1.000000000000000000e+00
2.424788320417284648e+00 1.762317260273351893e+00 0.000000000000000000e+00
8.132106125217326564e+00 -2.785129487454011121e-01 1.000000000000000000e+00
2.926752040001158406e+00 1.156135511742641953e+00 0.000000000000000000e+00
-7.128292869280291377e+00 3.125835836598898965e+00 0.000000000000000000e+00
-7.502567543345702639e+00 3.398486181521411797e-01 0.000000000000000000e+00
-7.506971037594315277e+00 2.327495691971739777e+00 0.000000000000000000e+00
-1.837082616279655412e+00 -3.140571142150302641e+00 1.000000000000000000e+00
-1.590201119853136058e+00 -1.017812147020257685e+00 1.000000000000000000e+00
3.045410995004784738e+00 1.655021389419494504e+00 0.000000000000000000e+00
-9.655860585605164914e+00 1.170045733321472214e+00 0.000000000000000000e+00
-4.399538814570632006e+00 -4.196978964837284387e+00 1.000000000000000000e+00
-4.302474771807224485e+00 -5.698134904905749476e-01 0.000000000000000000e+00
7.954728586570138482e+00 -2.589915965977573897e+00 1.000000000000000000e+00
5.726814317534063115e+00 -7.343109682066029098e-01 1.000000000000000000e+00
-6.551178632414800251e-01 -5.492642278991392679e+00 1.000000000000000000e+00
7.557247458256965977e+00 -1.386762488444667651e+00 1.000000000000000000e+00
-8.184438810539621301e+00 8.360865678552196201e-01 0.000000000000000000e+00
-5.640454137956472103e-01 -3.730661247890259435e+00 1.000000000000000000e+00
-7.507755228271319581e+00 -1.293924823031975535e-01 0.000000000000000000e+00
-7.116332133157202477e+00 9.843224999817890009e-02 0.000000000000000000e+00
-5.220311731438369129e+00 3.129192914122100877e-01 0.000000000000000000e+00
9.065229119718800632e+00 -7.259234725710141944e-01 1.000000000000000000e+00
6.419456166870386227e+00 -6.302433566680422095e-01 1.000000000000000000e+00
3.498688254352237070e+00 1.099207067331740895e+00 0.000000000000000000e+00
1.108076698781930602e+00 1.150830154340271916e+00 0.000000000000000000e+00
2.557036772139648750e+00 1.840919334267741903e+00 0.000000000000000000e+00
1.071943604005312745e+00 2.025119555206330579e-01 0.000000000000000000e+00
-7.610430613466347083e+00 7.681967103073071845e-01 0.000000000000000000e+00
-8.716995348012019917e+00 7.548550063027286150e-01 0.000000000000000000e+00
-8.751453566792251948e+00 1.154097578219790865e+00 0.000000000000000000e+00
-8.092597537968398314e+00 2.886561365160734027e+00 0.000000000000000000e+00
6.366933702579506971e-01 -2.750836346619639272e+00 1.000000000000000000e+00
7.709916975674961925e+00 -1.770429821274012161e+00 1.000000000000000000e+00
9.051589076578670401e+00 1.847928627051411699e-01 1.000000000000000000e+00
-6.536938746330620553e-01 -1.352239837136912648e+00 1.000000000000000000e+00
-9.969078728765461861e+00 -5.672237971568829806e-01 0.000000000000000000e+00
4.108834922670150824e+00 1.372454011314916400e-02 0.000000000000000000e+00
7.216433422643278917e+00 -6.978072528759119431e-01 1.000000000000000000e+00
