# x1, x2, y
5.022569933002852816e-01 -4.013100668981544987e-03 1.000000000000000000e+00
9.317785788690525761e-01 3.924783222316568509e-01 0.000000000000000000e+00
-1.012834593866803079e+00 1.326375182737650135e-02 0.000000000000000000e+00
-3.406291672092328082e-01 -9.560475465393400984e-01 0.000000000000000000e+00
2.161365877900406351e-01 -4.142175500491743767e-01 1.000000000000000000e+00
-1.162109920228710305e-02 4.475294447292074151e-01 1.000000000000000000e+00
3.465801557035874669e-01 3.555452599493530430e-01 1.000000000000000000e+00
9.877648614965455209e-01 5.650064620655797371e-02 0.000000000000000000e+00
-6.596590396220903818e-01 6.964167726599986841e-01 0.000000000000000000e+00
4.387232251432380825e-01 2.003249977779285318e-01 1.000000000000000000e+00
-4.799907577898646083e-01 9.424159093427059153e-01 0.000000000000000000e+00
2.061506727559331009e-01 5.376493243501266894e-01 1.000000000000000000e+00
-1.195835001625874250e-01 4.582701113539937032e-01 1.000000000000000000e+00
2.155067715011168769e-02 -5.246977815694063851e-01 1.000000000000000000e+00
-5.300139296672617961e-01 4.941237617840178731e-02 1.000000000000000000e+00
4.019278219162453758e-01 -2.089197513929261785e-01 1.000000000000000000e+00
-3.175333229321936068e-01 -3.229245697855810393e-01 1.000000000000000000e+00
-9.683637802188765908e-01 3.774713534387470482e-01 0.000000000000000000e+00
3.979680038228787797e-01 -9.804321231117145707e-01 0.000000000000000000e+00
-5.399533853053626320e-01 -1.572094370829935639e-01 1.000000000000000000e+00
4.875195827774048141e-01 9.220287416417491944e-01 0.000000000000000000e+00
2.136255869592931095e-02 1.062876450991254940e+00 0.000000000000000000e+00
-3.619193438741013513e-01 3.148763704930578888e-01 1.000000000000000000e+00
-2.150505584236480638e-01 -4.606694530989264846e-01 1.000000000000000000e+00
9.994516527580936671e-01 -3.597156467757145482e-01 0.000000000000000000e+00
7.282823384069565531e-01 7.740288676711615246e-01 0.000000000000000000e+00
7.249451824504674624e-01 -6.209826422258510892e-01 0.000000000000000000e+00
-9.151921605017701022e-01 -3.922715766305184815e-01 0.000000000000000000e+00
3.159815933714651415e-01 -3.522707699522475977e-01 1.000000000000000000e+00
-4.773344772683489334e-01 2.523436542280143025e-01 1.000000000000000000e+00
-4.255726834998605629e-02 -1.033486585435754002e+00 0.000000000000000000e+00
-6.469444269187694108e-01 -7.257759571843701574e-01 0.000000000000000000e+00
