# x1, x2, y
-2.131738708535862781e+00 6.750482045971621936e-01 0.000000000000000000e+00
-5.656211464163799718e+00 -8.527527579550087111e-02 0.000000000000000000e+00
1.350096409194324387e+00 4.263477417071725561e+00 0.000000000000000000e+00
-3.567110393525688039e+00 2.067782251689236794e+00 0.000000000000000000e+00
-7.816422993415383935e-01 4.938525621668887311e+00 0.000000000000000000e+00
-4.938525621668887311e+00 -7.816422993415383935e-01 0.000000000000000000e+00
-2.153057527484738110e+00 2.089101070638112123e+00 0.000000000000000000e+00
-3.545791574576813154e+00 6.537293856482868648e-01 0.000000000000000000e+00
2.131881894887521778e-02 -1.414052866040949930e+00 1.000000000000000000e+00
1.414052866040949930e+00 2.131881894887521778e-02 1.000000000000000000e+00
2.828105732081899859e+00 4.263763789775043556e-02 1.000000000000000000e+00
4.938525621668887311e+00 7.816422993415383935e-01 1.000000000000000000e+00
7.176858424949126292e-01 -6.963670235460374114e-01 1.000000000000000000e+00
2.131738708535862781e+00 -6.750482045971621936e-01 1.000000000000000000e+00
4.242158598122850677e+00 6.395645684662598640e-02 1.000000000000000000e+00
4.220839779173974904e+00 1.478009322887575694e+00 1.000000000000000000e+00
