# x1, x2, y
5.521396132369606136e+00 1.371698950297842057e+00 0.000000000000000000e+00
-7.311101180970054791e+00 -1.359979913878530677e-01 0.000000000000000000e+00
-6.213233279264612108e+00 4.131759726972800806e+00 0.000000000000000000e+00
-1.094554040726741562e+00 -5.434478311578353482e-01 1.000000000000000000e+00
-9.632242743277920738e+00 9.697406975072302426e-01 0.000000000000000000e+00
7.165695808306611347e+00 -1.156437020151501960e+00 1.000000000000000000e+00
-1.096643308680176609e+01 1.418686508057017903e+00 0.000000000000000000e+00
-3.706383888554769968e+00 -1.096768072020905205e+00 0.000000000000000000e+00
-3.078388198415993315e+00 8.614300436986828124e-01 1.000000000000000000e+00
8.474880937721009033e+00 -2.019585306521190837e+00 1.000000000000000000e+00
-4.239870205035794370e+00 8.217313305505292709e-01 0.000000000000000000e+00
-1.065983007429975160e+01 2.996149956727840902e+00 0.000000000000000000e+00
-6.522190799748406320e+00 3.025581923743723145e+00 0.000000000000000000e+00
9.002725127700378138e+00 7.016639252662906223e-01 1.000000000000000000e+00
-1.472379970515917069e+00 -4.359634494428484830e-01 1.000000000000000000e+00
4.057725824858825270e+00 1.137590184054483089e+00 0.000000000000000000e+00
-8.176115414777759938e+00 1.467665541939283891e+00 0.000000000000000000e+00
-5.705043944168016523e+00 1.418907281258839248e+00 0.000000000000000000e+00
-1.928984994373586170e+00 -2.436257500056276726e+00 1.000000000000000000e+00
-9.439563908921446256e+00 5.072632054944298252e-01 0.000000000000000000e+00
-1.520792625721129054e+00 6.224807323653704927e-01 1.000000000000000000e+00
-2.904073663563881968e+00 -2.299859468855490086e+00 1.000000000000000000e+00
2.556023199243412591e+00 7.927976940508745241e-01 0.000000000000000000e+00
8.317027437696568271e+00 -1.383293775250149515e+00 1.000000000000000000e+00
9.368765844955028399e+00 -1.404946926387445227e+00 1.000000000000000000e+00
1.836034429173980076e+00 2.485195089455519701e-01 0.000000000000000000e+00
-3.842541248171571944e+00 -1.625790636104339715e+00 1.000000000000000000e+00
-6.553850898055786800e+00 -4.874031708071611124e-01 0.000000000000000000e+00
4.421536153760382781e+00 -8.695334012993862771e-01 0.000000000000000000e+00
8.764721176016793791e+00 3.945812897466143276e-01 1.000000000000000000e+00
-1.980653657760925945e+00 -2.430058307268140538e+00 1.000000000000000000e+00
-2.705074877720042181e+00 -1.246324868046654766e+00 1.000000000000000000e+00
3.446373762528252005e+00 1.518712660913929868e+00 0.000000000000000000e+00
2.514004111421388465e+00 7.617822499361749378e-01 0.000000000000000000e+00
-1.309186583260845360e+00 -6.206931792614441834e-01 1.000000000000000000e+00
7.874825804862885192e+00 -2.215962808955691976e+00 1.000000000000000000e+00
-6.830663199855822931e+00 1.396746919517090735e+00 0.000000000000000000e+00
-6.980460152809488505e+00 2.750403268828421233e+00 0.000000000000000000e+00
-6.966525611573893606e+00 -1.037503295760520139e+00 0.000000000000000000e+00
-3.538784755120942815e+00 6.406673806444539432e-01 0.000000000000000000e+00
-7.203625597327125263e+00 2.261811417011913239e+00 0.000000000000000000e+00
-3.845557318970156846e+00 -5.875229667602355210e-01 1.000000000000000000e+00
-7.233316108935772704e+00 -3.200526452051748461e-01 0.000000000000000000e+00
-7.153362090318887923e+00 8.983845514456847425e-01 0.000000000000000000e+00
-1.784679978418698187e+00 -1.058014165333055256e+00 1.000000000000000000e+00
-7.942434241461808764e-01 -1.816223853740297489e-01 1.000000000000000000e+00
-3.089719953713970568e+00 -2.314918595539519064e-01 1.000000000000000000e+00
6.727758958216020879e+00 -1.070151486296446297e+00 1.000000000000000000e+00
-8.767130897005214862e+00 -3.404097010566973225e-01 0.000000000000000000e+00
-7.806657073836950289e+00 2.343387466954444331e+00 0.000000000000000000e+00
-8.040357629968655218e+00 1.144613943456354699e+00 0.000000000000000000e+00
-9.727083202007024809e+00 -1.082533481672076636e-01 0.000000000000000000e+00
-3.601153690478931857e+00 1.303473376438928799e+00 1.000000000000000000e+00
-3.165725810038910293e+00 -2.882035785365587799e+00 1.000000000000000000e+00
7.966974379595765043e+00 6.395544599551783449e-02 1.000000000000000000e+00
-4.353456705200041910e+00 -1.720078486720602928e+00 0.000000000000000000e+00
-4.291304547703946426e+00 -2.743349684215234952e-01 1.000000000000000000e+00
-2.438118678838607334e+00 -1.367024056441766833e-01 1.000000000000000000e+00
-1.199598933807249024e+00 -9.389216264719932870e-01 1.000000000000000000e+00
2.293533922658470559e+00 -1.540734269926249400e-01 0.000000000000000000e+00
-1.327189001847825622e+00 -4.890894676820283227e-01 1.000000000000000000e+00
-2.483871904747295467e+00 -4.814359530436962409e-01 1.000000000000000000e+00
-1.232778095333713964e+00 -2.852476058538965908e+00 1.000000000000000000e+00
5.935914701884547284e+00 3.023081392193756045e-01 1.000000000000000000e+00
5.803813694918766863e+00 6.327571050961922072e-01 1.000000000000000000e+00
7.473026337414507836e+00 1.189420413784469055e+00 1.000000000000000000e+00
-1.044932006167898919e+01 -1.791795070922708177e-01 0.000000000000000000e+00
1.901420151082966470e-02 3.740694896723903984e-01 1.000000000000000000e+00
-6.234886387611711989e+00 -5.476526241029986419e-01 0.000000000000000000e+00
3.739409664534688815e+00 -7.037057422102930282e-01 0.000000000000000000e+00
-3.222165491514282110e+00 -4.298134267808189080e-01 1.000000000000000000e+00
2.337938988572030752e+00 2.312777807032476485e+00 0.000000000000000000e+00
-7.424635533928935160e+00 4.618433683236008669e+00 0.000000000000000000e+00
-7.486679310191981074e+00 2.248059151971125935e+00 0.000000000000000000e+00
-6.291881967657280583e+00 -3.406974411557828208e-01 0.000000000000000000e+00
1.955801327892678021e+00 3.118912779454996453e-01 0.000000000000000000e+00
-4.357613610762768985e+00 6.394297017922043747e-01 1.000000000000000000e+00
2.844136754687244029e+00 2.865356487352914705e+00 0.000000000000000000e+00
-1.721443235251893134e+00 2.618244220058860705e-01 1.000000000000000000e+00
-7.050629906659021451e+00 3.114585630478545752e-01 0.000000000000000000e+00
7.941357346157667862e+00 -1.085040767310240906e+00 1.000000000000000000e+00
-6.988327023141635230e+00 -2.176909656871825582e+00 0.000000000000000000e+00
2.045139468024390617e+00 -8.363432238579342481e-01 0.000000000000000000e+00
-4.395560404061813031e+00 -1.483898571385058318e+00 1.000000000000000000e+00
-4.235495347038921388e+00 -2.175953411175995278e+00 1.000000000000000000e+00
2.522141416074245246e+00 9.769162679888544476e-01 0.000000000000000000e+00
-8.228321761762437347e+00 -8.383857907520630981e-02 0.000000000000000000e+00
2.116283452510181906e+00 2.453074530088236394e+00 0.000000000000000000e+00
-5.382933849552596683e+00 -7.491309916135553415e-01 0.000000000000000000e+00
7.406713691443674641e+00 -1.207076202748376792e+00 1.000000000000000000e+00
-3.925704122972314636e+00 -3.155037886135689806e-01 1.000000000000000000e+00
-8.100960644394726629e+00 6.046428838960840046e-01 0.000000000000000000e+00
-8.374871378169485681e+00 1.483297735745236601e+00 0.000000000000000000e+00
-5.552616801795439372e+00 -4.375407086486937658e-01 0.000000000000000000e+00
-8.098872094750678485e+00 2.051180947620551809e+00 0.000000000000000000e+00
7.675048190746361243e+00 -1.444725257387985184e+00 1.000000000000000000e+00
2.834775248530892355e+00 1.539174377182807252e+00 0.000000000000000000e+00
6.421343720001906341e+00 -2.428602171006332355e+00 1.000000000000000000e+00
5.804128948770351570e+00 -6.640953972695577967e-01 1.000000000000000000e+00
2.567950683030028713e+00 4.526061214113218378e-01 0.000000000000000000e+00
-7.677344227859812520e+00 2.633025726229246466e+00 0.000000000000000000e+00
1.178983214841660576e+00 4.689488665524716993e-01 0.000000000000000000e+00
-3.776731524884218594e+00 -2.691562725066003914e+00 1.000000000000000000e+00
8.737843689178795614e+00 -2.184732045244318854e+00 1.000000000000000000e+00
-3.397811762113815526e+00 -9.918840389474268271e-01 1.000000000000000000e+00
-1.390037119770018093e+00 -9.591098914898305017e-01 1.000000000000000000e+00
7.906011379756979984e+00 -6.981293527279078814e-01 1.000000000000000000e+00
-1.754758895422269038e+00 -1.424726350339551306e-01 1.000000000000000000e+00
3.880142354980392838e+00 1.012114550713999916e+00 0.000000000000000000e+00
-1.722805350432854210e+00 -2.674692658272690871e+00 1.000000000000000000e+00
-7.973214570418634572e+00 -6.901992366415035107e-01 0.000000000000000000e+00
-7.949938709548684201e+00 -1.973284709211973187e-01 0.000000000000000000e+00
-7.438355209464782014e+00 9.177983599234140755e-01 0.000000000000000000e+00
6.832380986072709383e+00 1.056477178683490337e+00 1.000000000000000000e+00
1.632234777675789061e+00 1.925778842999537943e+00 0.000000000000000000e+00
-9.046983787327869564e+00 1.529109583571226505e+00 0.000000000000000000e+00
-1.019056841159559301e+00 -2.113709016030647092e+00 1.000000000000000000e+00
-1.464101600575194340e+00 -2.607770828679448760e-01 1.000000000000000000e+00
-7.877810643854790129e+00 -3.138486637729891449e+00 0.000000000000000000e+00
4.118282454969657280e-01 -3.615982193588590521e-01 1.000000000000000000e+00
8.278284412563241546e+00 -6.573182445332371726e-01 1.000000000000000000e+00
-3.753196711234482841e+00 -2.131210988274734763e+00 1.000000000000000000e+00
8.086934205485878380e-01 4.015826112048599406e-01 1.000000000000000000e+00
3.509578149674272396e+00 1.769013197799245818e+00 0.000000000000000000e+00
-6.430343637157950099e+00 -1.734160298032858538e-01 0.000000000000000000e+00
-8.088586721597526008e+00 -1.342922811074220846e-02 0.000000000000000000e+00
-8.887473321915432933e+00 3.093933993746883715e+00 0.000000000000000000e+00
-3.038300752207126365e+00 -3.240101201787600971e+00 1.000000000000000000e+00
-7.235482630678117033e+00 1.778045676690749310e-01 0.000000000000000000e+00
7.076517850014948152e+00 -1.030356531867085534e+00 1.000000000000000000e+00
-6.796575462613536622e+00 2.106026423261266878e+00 0.000000000000000000e+00
1.241730283109410804e+00 2.161651835254904341e+00 0.000000000000000000e+00
-3.182883272646923167e+00 1.913129702781493080e+00 1.000000000000000000e+00
-1.001413494689627015e+01 7.001510139272482114e-02 0.000000000000000000e+00
-1.065643033580154331e+00 -1.728325460852442319e-04 1.000000000000000000e+00
-7.881028358227174735e+00 -2.129082167995250963e-01 0.000000000000000000e+00
-8.773871453984662949e+00 9.508729813961602773e-02 0.000000000000000000e+00
-3.622763423470006572e+00 -1.408671058141214294e+00 1.000000000000000000e+00
7.897318544655932193e+00 -4.802212227943359890e-01 1.000000000000000000e+00
-8.982651348241112998e+00 -6.896901171797475971e-01 0.000000000000000000e+00
-1.250429493299843875e+00 -5.824192050278151900e-01 1.000000000000000000e+00
7.891540026389468387e+00 -6.248501665947190364e-01 1.000000000000000000e+00
-3.721286530045170071e+00 -2.593664533527672011e-01 1.000000000000000000e+00
-7.075002440771036127e+00 1.232945176861107273e+00 0.000000000000000000e+00
-4.203957159478351358e+00 -1.224030395196577414e+00 1.000000000000000000e+00
-3.860979530703421148e-01 -2.451674370957879212e-01 1.000000000000000000e+00
3.314735810879022360e+00 2.510089242456261527e+00 0.000000000000000000e+00
-3.862823992961362585e+00 -6.185115954692694817e-01 1.000000000000000000e+00
-2.944177972673351462e+00 -4.753687390692746817e-01 1.000000000000000000e+00
-2.243739134820649461e+00 -1.135819806092810857e+00 1.000000000000000000e+00
-1.527268001657391849e+00 -2.879515611547720511e+00 1.000000000000000000e+00
-4.295730394634291294e+00 -6.830100564453678302e-01 1.000000000000000000e+00
5.191576192212929541e+00 -1.556138146697406910e+00 1.000000000000000000e+00
-3.001114860954269048e+00 -1.040378640095048546e+00 1.000000000000000000e+00
-1.580745377805248042e+00 -1.044914621413969735e+00 1.000000000000000000e+00
-3.843145817688823573e+00 -8.758122036249902376e-01 1.000000000000000000e+00
-8.887820931198096019e+00 8.472512856813165794e-01 0.000000000000000000e+00
-7.955921259226373721e+00 1.650962232343357261e+00 0.000000000000000000e+00
1.532814162075657016e+00 -1.538558739837845302e-01 1.000000000000000000e+00
-6.248063971574352671e+00 1.928248367990931023e+00 0.000000000000000000e+00
-8.349268460681011916e+00 -3.384209436484770794e-01 0.000000000000000000e+00
-5.150948694495705027e+00 1.329892343156994006e+00 1.000000000000000000e+00
-1.995489088653505272e+00 1.750713111783759324e-01 1.000000000000000000e+00
-4.291031505128614754e+00 -3.018953280460004329e+00 1.000000000000000000e+00
-7.751030813237193229e+00 4.049398018783438857e+00 0.000000000000000000e+00
-7.815267040926092257e+00 1.487793363130109903e-01 0.000000000000000000e+00
8.262385567870195402e+00 -7.888520246766677069e-01 1.000000000000000000e+00
-3.540713983847387780e-02 -2.017737555047419917e+00 1.000000000000000000e+00
-8.042571591892905047e+00 8.154400037882769681e-01 0.000000000000000000e+00
8.491829757004911272e+00 1.386134363742244080e-01 1.000000000000000000e+00
-9.368861868474063215e-01 -2.158243303362529453e+00 1.000000000000000000e+00
6.516198574672192656e+00 -1.326542566600772632e+00 1.000000000000000000e+00
-5.761769112621299982e+00 -3.357295988396816089e+00 1.000000000000000000e+00
2.563390089438406516e+00 -2.508483303719826196e-01 0.000000000000000000e+00
-6.209733062184452201e+00 5.806878198784963807e-01 1.000000000000000000e+00
3.585813782145317319e-01 -4.926791997745620932e+00 1.000000000000000000e+00
2.698443463070282267e+00 2.707398773918821000e+00 0.000000000000000000e+00
-7.312502742533250277e+00 1.028060589668782221e+00 0.000000000000000000e+00
-1.294920817494526810e+00 -2.251417064382120081e+00 1.000000000000000000e+00
-2.299795336486758490e+00 -1.300181572354068615e+00 1.000000000000000000e+00
-7.667315574326237559e+00 1.935099130021346259e+00 0.000000000000000000e+00
-5.817747933647363645e+00 4.228523396231320675e-01 0.000000000000000000e+00
-1.552673044730808805e+00 -2.152153904557756015e+00 1.000000000000000000e+00
-1.105860137014817113e+01 2.485250109864212131e+00 0.000000000000000000e+00
-5.377779208058005800e+00 -5.184654578520757617e-01 0.000000000000000000e+00
-8.089956020223542765e+00 1.053720549604030499e+00 0.000000000000000000e+00
-7.650615590355834605e+00 1.963409879190286311e+00 0.000000000000000000e+00
-6.325613425411322766e+00 1.745757073485189270e+00 0.000000000000000000e+00
-8.747945417177545480e+00 -1.430783206609742564e+00 0.000000000000000000e+00
-6.782315545975354354e+00 3.352926353222740463e+00 0.000000000000000000e+00
6.915024962853465240e+00 6.064166738674212631e-01 1.000000000000000000e+00
2.623541534733504488e+00 2.391329034637822648e+00 0.000000000000000000e+00
3.275049101643653593e+00 9.592663283700466614e-01 0.000000000000000000e+00
-8.668918739090093695e+00 1.021111389573159167e+00 0.000000000000000000e+00
-9.186635700045878039e+00 2.312046143186617719e+00 0.000000000000000000e+00
-9.936729514411613007e-01 -1.694308707569924577e+00 1.000000000000000000e+00
-5.774128261925678629e+00 -1.673150962567023781e+00 1.000000000000000000e+00
-7.485156930127248032e+00 2.020680042503364415e-01 0.000000000000000000e+00
2.090338155606238146e+00 2.820558060705185000e-01 0.000000000000000000e+00
3.102795738708890028e+00 2.515454413337621986e+00 0.000000000000000000e+00
-6.345116338152239521e+00 8.838469591209352494e-01 0.000000000000000000e+00
2.454045498000079650e+00 -4.304301633769076485e-01 0.000000000000000000e+00
-4.890543300072926591e+00 -1.556857801111294126e+00 1.000000000000000000e+00
7.378357907526259751e+00 -1.892441574361086953e+00 1.000000000000000000e+00
-4.800354789386122256e+00 1.044555543644515749e+00 0.000000000000000000e+00
-4.961299461840244618e+00 -1.949864732577738513e+00 1.000000000000000000e+00
6.894344648885595284e+00 8.936527301577572580e-01 1.000000000000000000e+00
2.727599380789897943e-01 3.589801062603057868e+00 0.000000000000000000e+00
-5.654930489209941236e+00 -4.210208814834071944e+00 1.000000000000000000e+00
-2.442891307794010203e+00 -5.187361720911216612e-01 1.000000000000000000e+00
-1.083140894781088326e+00 -1.224887028389363808e+00 1.000000000000000000e+00
7.948686173995465509e+00 -3.086854335288318207e+00 1.000000000000000000e+00
-7.086308025272384015e+00 -3.225520440153015755e+00 0.000000000000000000e+00
-3.718736346287033534e+00 8.071385967928026428e-01 1.000000000000000000e+00
1.999647411529028140e+00 2.495268306741286857e+00 0.000000000000000000e+00
-3.484545217921747984e+00 -1.928725152782399421e+00 1.000000000000000000e+00
-3.994020073894650746e+00 -2.341548775235225310e+00 1.000000000000000000e+00
4.429371813929306789e+00 -2.669041419345040467e+00 1.000000000000000000e+00
-8.122468676766709805e-01 9.497892241320360363e-02 1.000000000000000000e+00
8.698460559787589474e+00 -9.701645294633756134e-01 1.000000000000000000e+00
3.586456397070405089e+00 -7.523860293223738616e-01 0.000000000000000000e+00
-9.453183855635078459e+00 -4.815017355082389372e-01 0.000000000000000000e+00
8.907312978738644915e+00 2.404965112627266421e-02 1.000000000000000000e+00
-8.462475370614503944e+00 -2.160029872294826347e+00 0.000000000000000000e+00
1.000184173672081656e+01 -2.061989387422825004e+00 1.000000000000000000e+00
2.912970979331454657e+00 -9.308082034288593931e-01 0.000000000000000000e+00
7.641312992393197057e+00 -7.949985632559188886e-01 1.000000000000000000e+00
1.758167294575857076e+00 1.606997398170643132e-01 0.000000000000000000e+00
-8.570294995459734722e+00 1.235499097807494007e+00 0.000000000000000000e+00
-1.951552597395955990e+00 1.996596521243290123e+00 1.000000000000000000e+00
1.187386129392051792e-01 -7.494225124662552417e-01 1.000000000000000000e+00
1.359133656654333500e+00 5.805184635755540334e-01 0.000000000000000000e+00
-2.881825475574539386e+00 -8.483168669334231193e-01 1.000000000000000000e+00
-9.012077049211377755e+00 6.202167864065191161e-01 0.000000000000000000e+00
-4.108963185297699994e+00 7.708889158188658719e-01 1.000000000000000000e+00
7.530610471496730796e+00 -6.192825056802717665e-01 1.000000000000000000e+00
-1.960596168805217587e-02 -2.555067702943320640e+00 1.000000000000000000e+00
7.851967774188882920e+00 -1.392926214461630785e+00 1.000000000000000000e+00
-9.771705799329273745e+00 -5.366910157776723089e-01 0.000000000000000000e+00
-1.073824099334925997e+01 5.289907789663141902e-01 0.000000000000000000e+00
